         0    590860    619423
      3979    595698    611132
      4433    596095    612479
      5696    591596    603462
      5750    593461    607125
      5890    597199    598055
      5954    600149    598307
      6004    596339    608105
      6255    602083    606802
      6648    600081    599495
      7098    591025    600400
      7123    594932    609875
      7368    586906    608837
      8214    593577    618820
      8359    593343    612592
      8522    584733    612321
      8879    598533    606042
      8880    594736    614854
      9246    601273    610294
      9742    604820    611053
      9821    592270    621250
      9940    611418    607424
      9994    586927    597071
     10012    599771    602094
     10072    602434    607188
     10192    596606    610003
     10201    600184    607823
     10304    594311    608158
     10470    588001    610225
     10470    593979    612526
     10576    579182    598925
     10744    594354    598721
     10803    589466    606239
     10881    594371    608254
     11044    594517    609706
     11258    592358    611274
     11352    592382    618850
     11431    595196    614108
     11862    588562    605475
     12086    598514    613176
     12296    587875    608384
     12380    600361    604331
     12397    582045    622081
     12431    593089    591899
     12474    599326    610854
     12486    589730    608197
     12590    596344    610288
     12658    595075    599870
     12780    590655    611613
     12960    597643    608646
     12998    591164    611634
     13093    606400    607219
     13123    596043    602529
     13214    594672    616476
     13490    593497    612846
     13679    588900    608553
     13747    596450    622489
     13766    603240    613526
     13774    587768    611895
     13789    606151    607561
     13795    599930    611731
     13941    591986    606105
     14054    592586    606710
     14168    583638    610197
     14178    602840    598251
     14193    601862    612446
     14255    590404    627140
     14337    582352    613580
     14392    596332    622432
     14431    597454    602531
     14439    592728    614690
     14588    590559    605485
     14729    602510    608397
     14824    598210    601430
     14877    597981    612152
     14920    596869    613523
     14981    592248    608634
     15022    592474    610773
     15101    595408    609225
     15119    600550    608248
     15121    591741    590825
     15224    596641    607073
     15248    596130    610506
     15266    599828    615186
     15297    597634    602659
     15500    596753    619137
     15580    593802    604109
     15623    587066    602328
     15641    601974    602010
     15712    599515    613090
     15794    603593    613569
     15832    596128    618007
     16018    594240    601429
     16031    592011    611440
     16116    593164    610411
     16119    597995    604765
     16132    593498    609255
     16146    599654    609734
     16370    585144    611353
     16393    598978    608040
     16432    590672    601409
     16473    600877    614852
     16579    602997    612361
     16688    598669    619066
     16738    591849    610290
     16746    593567    606128
     16758    592981    600432
     17051    595464    599895
     17065    594505    604020
     17132    601118    603151
     17202    600344    616937
     17213    588898    607278
     17264    594321    614376
     17299    591290    606407
     17420    597677    608225
     17425    592803    616668
     17428    594314    606934
     17483    596498    610387
     17561    598248    614289
     17647    598072    608912
     17782    598967    607264
     17866    592721    613051
     17893    606054    598950
     17895    595651    609959
     17896    585213    614430
     18025    595310    610378
     18073    595842    613459
     18086    597994    616882
     18247    595164    609303
     18287    602284    599528
     18311    594616    618225
     18448    593020    614324
     18467    591892    610904
     18513    598546    609050
     18668    608984    609655
     18773    597754    610110
     18819    592744    617772
     18820    601039    601727
     18847    596345    610932
     18863    588362    614460
     18901    589448    614958
     19027    599706    610243
     19126    593660    612542
     19196    590552    619426
     19289    597485    606072
     19376    585570    618414
     19393    591878    627175
     19440    589214    609171
     19448    591037    614184
     19510    595331    609800
     19600    590674    607827
     19741    590937    625241
     19859    591910    599606
     20065    602753    601836
     20187    597608    616794
     20206    587113    622992
     20211    603782    621211
     20282    596854    608424
     20323    595506    609779
     20343    594377    614684
     20429    583156    603717
     20623    591057    608627
     20736    592906    596782
     20748    597811    609720
     20877    590899    607860
     20919    588006    607499
     20949    590828    595856
     20962    598993    621182
     20965    589279    608491
     21098    600491    605003
     21193    588392    617152
     21329    588219    610924
     21332    601515    629034
     21515    601878    605975
     21714    596569    608775
     21798    607639    613616
     21823    591214    601361
     21845    594676    611949
     21907    596456    613756
     22018    600713    602366
     22129    600323    616124
     22392    600277    611751
     22464    588171    609987
     22521    596113    606665
     22534    584367    609748
     22797    598263    615230
     22819    588493    604452
     22925    593132    613871
     22985    601898    607093
     23011    595348    634483
     23013    603275    616752
     23159    598140    619241
     23217    595998    612418
     23251    589273    612068
     23509    608033    608748
     23562    593468    617071
     23613    591971    607777
     23714    589218    606936
     23774    594746    587612
     24018    596017    601882
     24082    599372    600776
     24166    599829    616867
     24309    588248    596568
     24434    599939    604677
     24572    599285    612770
     24615    591448    612112
     24667    599875    606429
     25161    611304    609167
     25390    588174    610840
     25537    589416    604907
     25560    599059    619605
     26317    599400    619328
     26397    600183    612797
     26671    600481    606194
     26937    600372    625076
     27402    592974    603172
     27872    592684    615624
     28331    589375    617640
     28456    597719    600727
     28622    600086    610903
     29221    593130    603162
     30029    599137    610746
     30585    594614    615769
     30901    588803    608346
     30978    606990    610678
    102424    881415    225570
    106212    878250    242475
    108245    880781    234416
    108751    886325    232344
    108910    876245    229329
    108950    881922    224822
    109439    871474    230344
    110709    869892    239110
    111008    877103    237424
    111075    883732    234559
    111092    870985    232291
    111252    871379    234795
    111678    883341    235253
    112210    884313    228831
    112371    868952    233145
    112521    882373    228684
    112568    885147    225428
    112722    873088    242851
    112826    876081    244174
    113056    885024    227116
    113064    888623    238952
    113253    879220    238822
    113294    886340    224623
    113324    886526    225601
    113578    872269    222855
    113805    873873    227019
    113833    880836    229687
    114246    886137    233900
    114310    878277    233732
    114412    885137    230852
    115029    874220    230211
    115487    883794    232967
    115685    868307    234438
    115697    878762    225749
    115867    870378    233602
    115886    884665    230956
    115889    873318    226517
    115890    872418    225675
    115977    880582    234463
    116013    874937    229941
    116107    877545    233513
    116188    889082    230220
    116391    869530    232998
    116590    882492    224158
    116665    876604    228931
    116878    889971    243800
    116916    890772    245855
    117183    877883    230199
    117400    878925    223951
    117533    880388    227825
    117575    875529    232322
    117681    883418    226118
    117716    868937    234098
    117963    884665    240012
    117991    867709    232174
    118037    878447    219547
    118083    875958    237523
    118100    876014    238982
    118117    883282    239719
    118243    879093    223566
    118321    882801    234006
    118322    885167    243842
    118363    879702    236090
    118438    888222    230834
    118573    878139    234354
    118578    873381    225148
    118606    873127    231239
    118671    883502    225585
    118720    883861    222838
    118751    881581    219055
    118783    884691    214017
    118825    878496    226365
    118874    875254    239600
    118932    878152    227049
    118950    880244    226824
    119258    881048    234090
    119347    885546    226131
    119351    894983    236905
    119415    892904    233721
    119471    883796    232992
    119566    881783    224336
    119660    875773    230699
    119890    884844    218423
    119915    879712    237581
    120049    867227    229038
    120163    877273    244312
    120171    875985    238193
    120199    871474    231672
    120322    889902    230149
    120342    872794    233862
    120393    875386    233382
    120399    874084    230997
    120409    883196    225120
    120594    885091    231487
    120602    878590    230989
    120662    871033    238457
    120744    885657    238273
    120781    873163    236046
    120815    880612    239702
    120836    886145    229499
    121008    888417    236519
    121070    885326    239199
    121120    882324    228684
    121250    880904    231555
    121274    880656    231056
    121308    881883    235486
    121348    874840    237092
    121369    887831    231067
    121410    882306    242889
    121476    880335    218437
    121547    886144    234883
    121572    883279    234998
    121670    882670    227905
    121763    874819    223622
    121887    880393    235252
    121960    882727    241825
    121990    879155    233678
    121999    872021    229355
    122144    874021    237051
    122154    907112    231016
    122273    874517    220361
    122465    879780    229572
    122508    877542    225995
    122651    890046    235043
    122678    875099    229319
    122691    891744    233688
    122772    875503    229636
    122931    881188    234985
    122933    881621    232916
    122947    877361    225190
    122976    878886    236645
    122976    885003    229826
    122988    891285    225203
    123017    881219    228240
    123148    873867    220330
    123292    874217    241419
    123318    885599    240537
    123557    886898    223908
    123558    878528    228648
    123715    875912    230684
    123718    879053    231376
    123996    868092    223051
    124014    877229    228493
    124019    886601    243135
    124025    875558    227692
    124242    883933    234970
    124318    877541    222605
    124319    880487    234194
    124366    893808    232198
    124461    900886    229510
    124519    874961    228393
    124589    876757    228853
    124610    868130    233624
    124668    882842    236641
    124692    882490    228588
    124744    891032    233376
    124815    890578    229193
    124829    887546    236646
    124931    894322    236009
    124955    890020    236994
    124974    883068    225623
    125041    873424    230140
    125198    877693    234325
    125245    879196    233404
    125427    880716    229253
    125494    878423    231274
    125513    877898    227404
    125602    892175    240272
    125664    881938    231710
    125706    881210    234322
    125752    890503    238354
    125766    871542    232195
    125865    866688    231676
    125942    886093    232447
    125949    886059    233374
    126001    885359    233983
    126338    876875    236796
    126345    878604    236576
    126370    883601    233951
    126409    875039    236130
    126557    877239    232535
    126650    873270    243778
    126671    888569    237986
    126892    874801    231317
    126977    875745    228076
    127000    879509    238415
    127089    889327    245833
    127112    879694    244016
    127173    867294    238340
    127201    877950    237736
    127763    882799    240615
    127823    883057    232266
    128355    896285    250020
    128434    884805    240681
    128462    886363    229752
    128585    874181    229485
    128664    877240    228825
    128701    873020    236645
    128761    878924    231974
    129148    888795    230440
    129308    881005    237311
    129327    892052    228945
    129502    879305    234938
    129521    881910    244475
    129605    877554    238752
    129851    892625    233320
    130293    881181    219356
    130499    886151    224012
    130679    881480    230845
    130722    872623    233111
    130945    884994    237064
    131090    882508    227000
    131099    884098    230420
    131154    877741    223675
    131190    890396    230970
    131612    871683    231199
    131773    886804    228363
    131954    882916    237948
    132375    887093    230760
    132856    875835    233613
    132997    876725    231078
    134003    867244    234479
    134114    872312    230599
    134860    871508    230094
    142222    867187    235151
    210674    704906    630925
    212283    723384    636100
    213716    714623    627233
    214256    717142    632115
    214533    713869    632924
    215829    714093    632784
    215838    708485    616309
    215866    711900    626724
    216555    717803    619422
    216665    710215    626286
    218428    725650    629307
    218708    717354    628810
    218731    711918    619112
    218911    713904    630835
    219582    715899    630767
    219830    721578    625329
    219955    721454    625860
    220020    712364    617800
    220185    710928    645182
    220197    710959    635288
    220315    711931    618449
    220320    705801    627040
    220563    721237    630400
    220589    722294    625434
    220745    720878    635244
    220849    717512    628524
    220863    715032    621299
    220870    716103    623073
    220912    719734    622573
    220919    710902    633720
    220928    716029    628297
    221103    709504    633318
    221315    709639    626430
    221570    725256    617942
    221611    720946    623767
    221732    720223    625645
    221894    714262    623214
    221994    709518    631101
    222187    710042    614140
    222264    723018    631382
    222359    712247    629548
    222381    717323    625722
    222591    732274    625316
    222616    715257    619326
    222692    704680    637675
    222818    715048    627172
    222832    715378    611514
    223077    715165    635179
    223128    723161    635288
    223219    707891    623209
    223253    718836    615960
    223364    710475    623259
    223503    718510    627654
    223751    713966    622591
    223847    716246    636414
    223880    712256    627095
    223924    722498    636577
    224010    712980    629024
    224026    703488    618951
    224028    707556    621637
    224073    709746    627719
    224100    723296    629908
    224291    710266    624813
    224314    713716    626020
    224391    715614    624898
    224455    718459    623515
    224459    712953    632315
    224599    714859    625662
    224609    729176    618639
    224693    718156    631517
    224697    718137    639964
    224754    727746    633984
    224796    712908    619007
    224873    709242    630792
    224882    715363    636495
    224928    714972    617253
    225010    717384    631422
    225037    704921    627934
    225084    718716    631368
    225174    711385    625258
    225237    722222    643953
    225615    726964    627999
    225670    714213    631534
    225673    708616    633128
    225721    717042    625514
    225726    718569    621813
    225732    714287    640107
    225777    713820    626577
    225962    719899    619756
    226141    715856    624282
    226267    711354    622867
    226321    725116    630011
    226440    713157    633684
    226445    714761    622230
    226750    718607    628192
    226796    717580    625459
    226801    710909    638181
    226916    720900    627700
    227003    724586    614736
    227086    717594    632485
    227178    718760    628491
    227337    720319    623800
    227496    715748    635006
    227621    724297    630153
    227624    724685    626363
    227710    706170    631692
    227775    706100    629685
    227791    709954    626804
    227885    714625    619045
    227898    725679    625717
    228036    718305    629897
    228244    718475    617031
    228257    711886    630165
    228298    698933    630317
    228617    716898    623984
    228670    717026    618297
    228681    711794    624360
    228690    713580    626872
    228708    716552    620836
    228719    727309    630758
    228828    707161    624953
    228891    706081    617511
    228910    710305    623702
    228928    728406    627076
    229017    724887    624033
    229070    715589    626623
    229102    722626    626185
    229103    708809    626739
    229165    719482    635183
    229169    710737    630245
    229179    711666    622758
    229184    717371    622747
    229272    713306    631101
    229361    721273    618157
    229402    720606    627252
    229444    721229    632860
    229456    727383    621012
    229483    718698    630532
    229534    726784    633221
    229690    716789    617281
    229798    713033    631183
    229948    713424    634601
    230161    726410    631858
    230269    727020    622455
    230459    707042    632151
    230474    717323    634343
    230561    714287    620722
    230571    712740    632304
    230752    713526    624445
    230772    723702    626318
    230911    709903    619788
    230940    724420    616904
    231010    716839    634497
    231012    716587    620689
    231043    711630    620512
    231102    702087    622187
    231213    706561    627149
    231226    714954    610783
    231227    720365    620592
    231236    714744    631462
    231329    710873    627287
    231413    702861    625943
    231521    718597    618228
    231688    725911    635998
    231905    709878    618304
    231928    711258    633487
    232030    720079    638594
    232031    722911    627359
    232132    721483    626762
    232338    721033    627649
    232340    708542    620635
    232348    705869    633388
    232668    720411    617035
    232679    709901    629184
    232814    715315    632192
    232861    710240    626166
    232982    719601    626048
    233007    725091    614294
    233026    709227    617560
    233072    705697    611620
    233142    708679    627055
    233319    713115    626962
    233339    715102    619410
    233351    700479    619338
    233594    718621    633003
    233623    720616    634681
    233658    725520    626647
    233972    707555    639972
    233974    721232    617627
    234010    713074    637015
    234016    715516    626320
    234155    713940    627822
    234271    710745    634717
    234323    715124    632782
    234381    714884    635145
    234493    710914    632697
    234565    713053    629327
    234587    715656    636498
    234707    720092    630532
    234803    718108    620458
    234892    720649    631130
    235003    719631    625430
    235164    715283    633114
    235493    711571    628828
    235509    715264    619685
    235688    726743    619724
    236160    706098    626999
    236537    718187    627310
    236594    723444    632819
    236746    710152    632646
    236814    724438    627535
    237409    705493    621955
    237579    725454    626447
    237624    722573    623967
    237661    704977    623501
    238184    725469    633525
    238299    713183    627595
    238505    720028    626345
    239621    723352    621951
    239863    710388    632297
    239978    713130    639813
    240515    714419    626527
    241096    708663    620188
    241957    714144    620225
    245999    722534    632312
    269968         0         0
    314474    467500    278893
    314947    472688    287368
    314970    483806    284000
    315150    464546    283144
    316119    474257    283817
    316567    471587    277456
    316576    481735    280129
    316773    481993    277794
    317161    474941    275183
    317811    467391    274636
    317918    468965    287594
    318103    472142    279823
    318959    477966    285799
    319269    468618    276140
    319834    477809    282549
    320050    478151    281632
    320149    478763    281203
    320219    478288    278415
    320395    477589    275254
    320679    471445    274632
    320788    475433    290969
    320916    473327    283293
    321000    484064    280524
    321339    466051    268256
    321555    483632    286147
    321634    473314    266524
    321694    472208    283625
    321731    476023    276560
    321734    477407    269063
    321863    478331    272154
    321901    491729    278656
    322204    468495    277184
    322311    486500    282693
    322377    475334    286921
    322462    480859    273710
    322680    482998    269283
    322773    478372    286935
    322897    470288    269335
    323344    475973    268640
    323548    477752    284099
    323686    466853    276916
    323713    479447    277358
    323839    473417    273326
    323864    474594    274596
    323915    480465    288536
    323963    480789    279338
    324054    481203    278235
    324144    466304    285949
    324233    479367    283566
    324267    470981    268221
    324289    479894    267993
    324398    466774    270482
    324409    481777    267392
    324468    473174    273042
    324796    479751    284539
    324812    482536    273528
    324891    476689    270551
    325474    480219    269266
    325497    471207    289476
    325625    483518    282999
    325635    473991    272767
    325674    483260    281732
    325676    478095    275923
    325736    469224    280662
    325743    474485    284786
    325769    481758    282353
    325790    474347    278142
    325895    468661    270763
    325938    480063    282809
    326044    485617    287506
    326092    481189    275644
    326193    469887    283088
    326362    473331    284395
    326460    467340    280311
    326545    478221    282385
    326549    473625    277291
    326567    482892    270244
    326723    477103    276092
    326725    483783    282816
    326737    467592    274594
    326822    477241    281422
    326872    473318    268543
    326874    479066    259726
    326938    478991    271930
    326944    474139    284412
    327005    465983    268554
    327019    474071    277559
    327053    483973    279889
    327092    476631    287001
    327371    479546    287489
    327402    474842    274688
    327438    489004    277701
    327493    483486    269207
    327667    477757    285201
    327706    481640    283651
    327801    475658    284460
    327885    474742    278748
    328182    477608    278319
    328461    473339    279704
    328497    468628    280328
    328500    483277    285476
    328642    488435    277181
    328878    471336    287273
    328901    482253    281261
    329130    478581    275601
    329184    471437    279748
    329447    471497    281123
    329537    470169    275301
    329562    482274    285059
    329761    471853    279752
    329962    481650    268889
    329967    477635    287280
    329982    480760    284910
    330057    483216    269881
    330102    474365    283864
    330117    474851    280250
    330142    479747    287661
    330241    481658    272076
    330253    479003    276625
    330257    488207    282613
    330304    479436    282298
    330517    476069    281178
    330543    478064    276589
    330621    489731    270733
    330636    472335    266824
    330762    479190    279116
    330803    474544    279082
    330902    471758    288534
    330931    455527    278970
    330957    473654    285991
    331015    488040    279188
    331024    482214    287540
    331025    467489    273036
    331166    461246    280438
    331186    479199    276597
    331278    477081    276355
    331287    464676    278340
    331459    471850    274927
    331470    481980    281941
    331514    476032    283144
    331623    480531    274181
    331644    483373    289507
    331716    471186    280293
    331744    479340    271104
    331762    487317    278363
    331777    478063    272339
    331795    476390    275738
    331834    468700    281735
    331893    472065    281575
    331959    474522    283148
    332014    467795    279720
    332183    477213    282700
    332277    476870    280873
    332290    474712    284443
    332397    482712    286765
    332545    482327    275591
    332584    483705    275901
    332697    482012    273810
    332786    466381    288432
    332789    479675    279892
    332821    477084    276641
    332845    483843    281696
    332850    471043    281784
    332928    491312    278542
    332931    473244    275419
    332990    484303    283663
    333106    467785    274879
    333222    480990    284930
    333247    476459    280190
    333414    477578    279711
    333503    471064    284838
    333529    482218    297526
    333663    466774    274762
    333701    483189    278826
    333723    489377    286073
    333742    480160    285150
    333770    473191    266921
    333919    479059    286780
    334001    479835    278780
    334119    481832    281583
    334158    490992    279564
    334240    487910    286485
    334373    479520    282673
    334399    466122    270917
    334477    466868    299285
    334509    477358    276090
    334559    487264    282054
    334751    472479    276288
    335234    473767    281860
    335348    470805    284631
    335352    476817    268756
    335370    484898    281725
    335466    473105    275684
    335582    481702    285797
    335710    485765    269508
    335711    472619    276538
    335759    474042    272470
    335964    464457    278307
    336141    470378    288593
    336210    467099    283204
    336471    469583    276625
    336764    469598    266386
    336898    476635    281338
    337264    479944    283347
    337271    467038    273967
    337284    470450    277528
    337823    479511    285563
    337977    489680    275804
    338008    475019    282074
    338330    466171    262485
    338376    464934    286497
    338445    475942    283911
    338648    481012    288026
    338766    486087    273367
    339234    480850    274107
    339321    478141    277154
    339581    468588    277075
    339794    489935    277551
    340181    467898    276998
    340422    471601    274100
    340459    474029    271382
    341524    476383    290163
    341776    480418    284858
    341860    491383    285589
    343722    473012    287832
    379016    612046    870343
    384521    614587    864819
    384555    617630    861109
    387146    607480    878226
    388141    611323    863887
    388734    613315    861401
    388811    619640    859138
    388905    616682    865547
    389627    622426    857036
    389717    610188    871022
    389767    623261    859007
    390184    625552    863517
    390213    616481    858501
    390556    624095    869008
    390705    609444    864418
    390828    613330    869183
    390956    605435    867204
    390988    617184    876692
    391312    614475    872369
    391481    610096    863776
    391563    621420    865437
    391618    622684    865226
    391663    609501    863628
    391770    619627    862915
    391877    625748    863479
    391890    616496    871646
    391947    610415    874565
    392488    605695    865456
    392495    609039    869650
    392504    610503    861636
    392642    611648    871592
    392652    629042    861257
    392688    620229    870884
    392845    608118    872154
    392973    609418    871933
    392986    607803    861169
    392999    605332    875249
    393082    609723    863432
    393121    610062    863187
    393186    617437    875569
    393266    615365    861633
    393404    618259    867226
    393460    615329    869060
    393652    614348    859212
    393684    617502    871108
    393700    622405    874302
    393705    612730    857049
    393728    614800    859978
    393761    615016    871714
    393907    621344    861450
    393983    624451    859733
    394251    617977    864993
    394257    611774    871399
    394408    612849    864385
    394442    605800    874599
    394522    611459    868411
    394766    615198    857841
    394770    626535    870122
    394989    614363    854543
    395059    612653    867287
    395085    613911    858149
    395165    605594    863746
    395214    609443    858537
    395238    608111    862671
    395297    610065    875907
    395330    614150    866399
    395347    620770    858216
    395400    612522    867391
    395445    600901    869938
    395528    614062    861430
    395709    604178    875978
    395958    607236    878596
    396064    607603    861460
    396069    616014    865406
    396164    614460    864772
    396201    619278    860958
    396333    617712    863615
    396427    614480    868160
    396455    625747    866879
    396524    616881    861268
    396552    609434    860550
    396563    600695    869864
    396591    620315    860574
    396716    609106    875276
    396727    609450    855087
    396783    629634    863393
    396792    623225    865151
    396880    609100    878136
    396907    600480    869967
    396940    612643    861309
    396968    622663    859699
    397024    609915    869386
    397070    624392    865877
    397172    607712    876941
    397211    621984    874373
    397231    611056    867152
    397358    606089    868423
    397465    613285    859142
    397508    611574    863986
    397666    615928    863743
    397695    609784    870034
    397809    618379    871049
    398052    615728    870008
    398058    614478    861828
    398105    613314    871928
    398142    610759    867961
    398164    614359    865109
    398175    611645    872884
    398202    620205    861151
    398213    615890    873857
    398227    610982    868015
    398427    623896    867813
    398436    615394    856508
    398549    602094    863970
    398564    617443    866632
    398655    607270    866669
    398678    612482    865428
    398893    612569    872357
    398972    610945    872582
    398993    626084    867188
    399029    607231    866242
    399149    606351    864431
    399265    614369    858711
    399365    619961    864932
    399372    608872    853927
    399390    613782    864820
    399404    613915    879133
    399437    611623    869728
    399480    622395    870871
    399491    610623    871593
    399579    615670    869551
    399720    609131    849052
    399722    621237    860926
    399833    615360    864403
    399863    612429    869763
    399867    623936    875735
    399878    625579    856746
    399978    606943    869476
    400031    616065    870278
    400049    627103    878322
    400186    611960    852752
    400249    609124    866271
    400466    620001    878003
    400471    616190    861846
    400791    602170    879287
    400909    602898    862849
    401000    604723    873413
    401046    617089    857615
    401052    612821    863490
    401109    615921    864199
    401137    602595    855095
    401252    614166    871332
    401285    605213    868524
    401292    603065    857444
    401381    620956    855681
    401650    619494    869145
    401677    609419    868479
    401765    616164    873313
    401805    623918    859985
    401893    613982    861891
    401960    610989    861729
    401984    608885    873828
    402125    616420    879932
    402374    613693    869068
    402389    611795    867574
    402422    605378    859828
    402434    608247    863662
    402443    609988    865651
    402548    623968    866280
    402738    614993    865775
    402860    618391    865548
    402871    610366    862875
    402940    610415    861029
    403017    615906    862290
    403018    615577    858764
    403038    612685    875165
    403111    624411    854623
    403142    610697    869930
    403269    623385    855809
    403357    618121    856920
    403389    607704    861893
    403425    611628    872636
    403514    619922    856414
    403667    611997    863801
    403906    621896    866682
    403923    617241    869402
    404087    608010    864896
    404164    609995    851617
    404717    617602    860469
    404797    611078    876969
    404960    605754    862466
    405150    611967    867500
    405175    623676    854030
    405337    622160    856326
    405536    618661    867057
    405810    612335    865371
    405863    606686    865469
    406009    614448    853863
    406049    613512    853071
    406105    618840    867795
    406265    612554    865496
    406432    612359    858337
    406497    620250    862444
    406528    616968    861985
    406554    612390    862743
    406789    616462    865246
    407112    616195    861370
    407243    613205    871312
    407346    611964    863193
    407417    608503    862780
    407426    616436    871084
    407554    616230    878183
    407895    596641    869530
    408959    609679    865589
    408986    615557    864163
    409039    606183    860858
    409137    604431    855927
    409181    610500    867148
    409771    614173    877381
    410167    613939    864571
    410406    620175    873545
    411144    626486    873146
    411246    612269    876153
    412495    619823    864599
    415942    624887    869926
    628783    716845    958446
    630871    720002    964556
    631529    718050    962328
    632769    715169    957031
    632783    717212    955754
    633071    722430    962030
    633292    718131    956216
    633439    711463    958358
    634609    709346    961532
    634808    703967    958684
    634838    708029    955618
    634853    719211    953804
    635098    716861    950022
    635172    710128    955168
    635216    708365    966348
    635601    718370    953180
    635722    717586    953020
    635827    709917    969041
    635902    717003    948877
    636805    698583    949760
    636922    715523    961173
    636947    720396    957073
    637059    721213    957086
    637070    717783    966415
    637460    706970    957125
    637481    714747    951351
    637503    707145    971706
    637504    713571    961888
    637567    716609    957615
    637881    705867    957242
    637949    715945    960663
    638122    709306    967907
    638534    718790    953281
    638634    709609    964977
    638713    715496    962226
    638736    713742    956417
    638859    712378    950746
    638979    702279    961486
    639125    712767    961698
    639280    707194    956633
    639471    713333    958909
    639593    711904    967682
    639680    729872    965972
    639751    721702    962225
    639789    707282    953253
    639939    710574    957785
    640131    721172    961800
    640335    714159    957246
    640500    710766    962909
    640607    715575    967330
    640728    705291    957539
    640796    721223    955242
    640798    714222    954911
    640854    713490    954364
    641197    700076    940834
    641206    714641    947728
    641251    702404    961037
    641418    721882    966213
    641463    711967    966331
    641825    710326    957754
    641885    709881    960315
    641993    705533    953028
    642116    721148    955694
    642202    720546    961643
    642249    714250    968123
    642308    713606    950265
    642345    714290    958586
    642523    712295    958515
    642545    715658    958785
    642555    716055    957167
    642706    710288    963512
    642774    702640    951523
    642806    708107    962355
    642888    715414    956284
    642955    713065    954822
    643021    708988    955681
    643138    715720    955538
    643148    708071    962413
    643202    704794    951147
    643223    710657    958133
    643330    712061    958805
    643361    707741    955878
    643362    704382    950128
    643369    717114    969467
    643408    711560    960207
    643549    720019    960551
    643625    721826    959711
    643770    713244    957457
    643869    703189    958681
    643984    715635    948753
    643994    719255    953386
    644256    712976    950909
    644306    712003    962097
    644313    719732    952307
    644315    720707    956610
    644393    714667    948894
    644443    710857    960101
    644516    717857    963941
    644517    721670    949434
    644741    719871    961805
    644767    718330    962216
    644876    715384    953503
    644882    709768    950692
    644963    708769    962568
    645072    718899    958630
    645132    717637    958923
    645167    712897    950906
    645339    712457    962046
    645404    732223    958909
    645407    722591    956422
    645467    710516    958096
    645468    723933    949651
    645480    705963    957760
    645509    706699    971018
    645595    722703    963776
    645750    712303    959840
    645768    704659    955393
    645774    712514    955552
    645914    705111    959843
    645917    709247    961130
    645929    706411    952993
    645967    721232    956099
    646000    703106    971880
    646033    712938    948047
    646038    713129    956588
    646049    706598    964398
    646049    712757    955147
    646050    729259    965373
    646058    715431    950993
    646064    712251    959299
    646066    710951    959094
    646328    711492    956365
    646337    709700    961910
    646474    720739    953204
    646485    713832    964263
    646517    714008    965435
    646520    713344    959411
    646545    717036    955763
    646623    701536    959788
    646672    717265    961110
    646837    713178    952456
    646985    714615    947922
    646991    711523    954269
    647028    716449    959305
    647248    705406    956261
    647356    715154    961322
    647408    705984    955541
    647458    714861    962250
    647528    709777    960667
    647573    716429    953637
    647638    711101    964285
    647956    716200    946438
    647966    711844    959376
    648021    713570    951516
    648033    706428    955971
    648155    713632    974063
    648224    714649    954380
    648291    703558    955454
    648309    708197    960979
    648337    715815    949849
    648432    708405    949501
    648555    713325    962819
    648583    713853    959828
    648792    708153    948210
    648945    714455    959980
    649028    712133    954196
    649174    723397    958534
    649206    715276    954154
    649228    715648    966437
    649285    722620    961673
    649356    699070    969488
    649444    718628    952531
    649536    717288    948500
    649561    710720    970958
    649684    703919    955941
    649710    707925    955656
    649861    711140    959884
    649866    723244    962063
    650018    715362    962473
    650027    704498    956057
    650095    714716    959357
    650409    708469    948596
    650620    715353    947963
    650646    714452    966669
    650920    713011    952398
    651141    718738    963369
    651253    707401    963964
    651588    720872    966899
    651619    703700    960006
    651678    716848    958688
    652106    700445    957343
    652128    709120    965508
    652140    719581    957817
    652286    698176    956076
    652344    720257    950254
    652444    718115    961360
    652609    706706    944559
    652856    732456    959697
    652858    703269    960823
    653026    712610    949336
    653141    719156    956647
    653206    709254    954255
    653310    708429    962059
    653444    713117    954979
    653469    709448    951552
    653694    707088    947280
    653721    719315    952312
    653756    709304    952077
    653804    702030    968393
    653986    726319    958153
    654075    731691    959985
    654102    702825    954203
    654120    721933    955198
    654604    714352    943423
    654703    717547    960890
    654984    707415    950959
    655019    704603    949070
    655026    727839    964224
    655723    704277    958573
    655829    709692    959041
    656167    707231    961462
    656236    711508    958085
    656308    708684    957944
    656953    482777    281635
    657358    715525    951988
    657816    481356    291929
    660205    483688    279993
    660482    483629    293149
    661018    485203    284025
    661331    483510    292796
    661358    485747    290196
    661503    498520    275943
    663357    479678    284286
    663562    485098    290810
    663884    486538    286754
    664009    486161    291079
    664013    476859    284820
    664268    468295    290101
    664464    485756    294885
    664512    706273    952091
    664709    494214    287470
    664714    488613    288638
    664779    491813    289474
    665343    489194    280023
    665359    480919    280615
    665513    489482    284467
    666199    484809    286115
    666303    487381    290136
    666542    477631    288418
    666729    486790    286658
    666818    479088    286988
    667112    486388    277280
    667197    487630    299616
    667444    483095    301609
    667446    487370    284610
    667673    477738    293948
    667769    492151    279679
    667771    491318    281245
    667795    486712    288858
    667879    483516    268675
    668139    482928    287037
    668208    481270    284337
    668636    479515    292899
    668769    486657    293994
    668774    485130    288041
    668800    475476    294642
    668831    478915    291206
    668937    476213    284426
    669123    502494    295510
    669171    472362    279166
    669179    488886    296124
    669284    499452    282559
    669285    486727    283084
    669574    473088    293602
    669675    496182    284107
    669816    485070    291547
    669821    493514    297412
    669935    481584    285502
    670051    475659    285388
    670101    485940    284950
    670155    477307    286695
    670301    503096    297913
    670305    489786    282738
    670374    475975    285577
    670749    482479    288689
    670761    484218    284276
    670958    488280    289923
    670960    493560    291100
    670961    490799    288174
    670984    487065    297330
    671016    482492    282328
    671023    487242    281502
    671068    478704    281741
    671167    483222    274454
    671188    483629    297668
    671220    492072    280118
    671309    490235    282895
    671312    482219    281432
    671347    484702    293615
    671539    495400    290947
    671571    477406    282677
    671791    488077    290503
    671913    481683    296146
    672003    487129    282241
    672017    477919    286781
    672092    483132    287026
    672282    486635    273904
    672355    484049    286399
    672382    487432    284041
    672523    494117    277926
    672671    497807    285889
    672769    493437    285409
    672816    488441    280589
    673070    491949    286718
    673201    479282    289847
    673329    490008    284438
    673359    494160    290316
    673374    488881    289779
    673394    481950    288917
    673410    489601    277666
    673503    481034    288645
    673666    474691    285756
    673675    484274    284083
    673845    490371    279552
    673872    470787    288355
    673897    487662    292471
    673905    487538    289860
    673953    484126    288663
    673971    482542    286125
    673987    481416    290404
    674041    479268    273444
    674195    485351    275604
    674253    481819    299906
    674280    494205    285507
    674427    477136    283930
    674448    489379    294022
    674450    479768    279268
    674477    479319    282154
    674502    498023    290289
    674513    492782    277525
    674536    480464    292852
    674625    477290    282481
    674663    477933    288992
    675099    476537    294394
    675109    482545    288715
    675109    491609    281910
    675596    480587    286924
    675705    485385    290605
    675718    480843    285267
    675742    481123    286123
    675758    475346    275950
    675761    480630    292045
    675795    488058    283388
    675864    486228    279130
    675881    492635    291194
    675894    485786    286182
    675914    485480    300595
    676071    485757    290649
    676080    476196    287968
    676163    486567    296971
    676328    473299    284527
    676350    488833    291750
    676353    489697    295227
    676359    480245    290057
    676377    488869    294333
    676413    477407    285747
    676517    484958    283807
    676679    488336    293018
    676701    480982    289161
    676713    473207    279989
    676727    481645    290917
    676947    485481    283912
    676970    486163    286943
    677037    479260    282811
    677171    485938    289138
    677226    488643    298467
    677322    492556    294100
    677394    481222    290885
    677452    483136    283159
    677625    469636    284960
    677672    481950    303196
    677736    492267    290653
    677775    487308    282143
    677799    480394    281621
    677855    488143    283042
    677892    486049    292736
    677984    488755    289118
    678002    475530    288385
    678025    476074    275614
    678111    479228    291337
    678333    486862    284079
    678389    483713    286924
    678495    489745    286392
    678532    491592    285198
    678583    490002    292315
    678716    485261    292037
    678988    485263    291828
    679028    486393    282587
    679216    487566    287612
    679258    496285    287523
    679347    490426    294951
    679544    487267    280466
    679553    485003    283842
    679797    483995    280809
    680031    477395    300288
    680246    474250    291687
    680291    481829    293726
    680347    486642    292743
    680439    486219    287358
    680552    482019    284039
    680576    490642    294511
    680861    488494    291446
    680916    483866    288225
    681029    491448    277650
    681292    489533    285616
    681457    480370    286250
    681472    479545    293152
    681635    476127    300826
    681644    480956    283903
    682182    498230    293163
    682552    477190    288967
    682571    492536    279196
    682906    477169    290188
    682951    480070    284901
    682989    478605    287458
    683097    482287    295169
    683136    488680    285041
    683523    479869    294420
    683681    476782    281083
    683703    474655    282863
    683935    488374    292772
    684067    489226    287233
    684081    485689    284424
    684380    481726    278276
    684901    486117    296285
    685023    487010    286950
    685295    488417    285834
    685497    476658    284726
    685591    481954    285666
    686037    476453    282796
    686041    493859    287029
    686376    489207    290165
    686926    480644    283085
    687010    487285    283559
    687428    481507    287678
    687666    478891    276645
    687896    488176    286851
    688049    484586    280131
    690934    473775    279546
    693286    479528    288415
    700191    785225    490315
    701347    788690    486340
    702902    781385    488816
    706411    793438    471200
    706902    796413    480137
    707134    780695    484902
    707484    790239    475073
    707667    790540    479543
    707701    790389    472067
    708477    794324    477477
    708579    792033    492028
    708638    778656    478048
    708789    792827    472832
    708849    788213    477127
    708965    785751    482342
    709165    785827    478985
    709251    796119    476124
    709253    785385    485647
    709280    794672    489854
    709350    787036    485305
    709548    792366    487903
    709629    782733    492721
    709895    790302    490948
    709987    789426    480435
    710500    792784    493679
    710582    788954    496291
    710715    795031    482993
    710793    793735    487077
    711081    798063    478332
    711125    797236    487484
    711375    798195    490945
    711463    788361    490655
    711471    799627    475992
    711677    787572    475247
    711704    796822    498285
    711802    792606    483175
    711822    793986    485357
    711872    792489    487379
    711936    798173    491080
    712179    789856    484881
    712231    792994    471516
    712406    799048    488535
    712422    786676    487883
    712481    790848    482219
    712597    798809    491508
    712643    783162    480840
    712654    793019    485132
    712743    788114    478418
    712850    802920    482930
    712881    790423    489388
    713084    792714    479627
    713168    791641    463735
    713333    788782    487508
    713344    780655    478595
    713439    797446    474295
    713472    789438    486575
    713511    791935    480769
    713516    790523    495785
    713543    789990    491233
    713579    785631    479926
    713585    798897    490269
    713638    792928    484769
    713654    786073    480636
    713712    794553    476683
    713718    786948    483620
    713765    793964    494295
    713775    793856    489809
    713826    796077    492200
    713845    790504    490637
    713969    787102    488558
    714121    788818    495742
    714621    788323    493241
    714677    792106    484457
    714783    788483    466361
    714852    785369    481475
    714870    771948    478619
    714881    794646    485051
    714889    787009    481834
    715074    797790    487211
    715080    798073    493936
    715161    795255    492888
    715163    790566    478867
    715178    795305    497813
    715267    785490    487284
    715546    797675    481040
    715769    806043    478690
    715857    792700    489084
    715953    785915    494061
    715992    777479    487784
    716012    797617    487054
    716176    795669    484218
    716252    793681    488201
    716294    795000    489718
    716320    786618    476786
    716342    790129    480710
    716354    780766    474701
    716372    789928    497435
    716411    791018    493350
    716414    788320    482926
    716471    792122    482607
    716480    793636    489159
    716495    794039    481359
    716658    789519    487562
    716746    784859    489857
    716880    781487    481769
    716961    778540    477059
    716995    799104    490904
    717046    793131    485610
    717081    795135    487574
    717190    798078    490128
    717248    805571    490450
    717297    790926    484883
    717337    788039    484208
    717371    774504    479687
    717457    784737    496589
    717467    799763    485934
    717475    788067    487014
    717742    780315    484335
    717827    785578    494457
    717922    794328    486375
    717950    805066    487490
    718119    790321    482167
    718193    796341    486992
    718220    784264    496366
    718455    795153    486032
    718456    786119    489615
    718484    783457    485862
    718626    796530    494415
    718638    789822    496236
    718649    798142    475715
    718737    798374    481379
    718778    779323    472923
    718860    781720    480907
    718948    791083    477165
    718955    790371    495942
    718998    792892    475121
    719122    792342    479630
    719124    801597    482233
    719142    785148    487261
    719301    773902    477288
    719483    788377    492199
    719485    795433    486926
    719522    789064    482526
    719583    793509    485799
    719641    803684    492371
    719653    784463    487746
    719660    778126    484646
    719682    786264    465635
    719744    785693    493150
    719755    792182    483609
    719826    791832    479459
    719867    789381    492042
    720133    802492    484878
    720170    794197    478403
    720174    786880    488664
    720196    791514    488558
    720317    790367    505824
    720368    777630    490670
    720400    788067    472580
    720461    791653    484112
    720489    786924    482499
    720527    794191    487263
    720540    780784    479105
    720607    792487    487298
    720620    789350    484302
    720674    789656    478784
    720795    788701    486872
    720819    790093    484613
    720947    783798    486883
    721033    794668    492994
    721099    787823    490534
    721115    789423    489272
    721296    794559    498008
    721336    798645    487680
    721440    795577    493482
    721463    788163    484677
    721467    797518    487325
    721547    781837    488884
    721686    778642    491653
    721731    798581    482968
    721764    787613    478456
    721871    782834    481353
    722052    794620    486474
    722306    795810    474087
    722381    792670    480312
    722419    790156    488648
    722428    796152    494259
    722454    789060    481550
    722534    791000    488898
    722628    789847    480735
    722672    785469    483690
    722710    788205    499687
    722716    788837    485972
    722744    794695    476275
    722751    785362    484773
    722811    785733    486843
    723042    801427    492248
    723168    796582    483375
    723268    793539    489885
    723676    798997    489785
    724264    789905    481714
    724277    791444    476138
    724520    779609    483868
    724553    790480    486153
    724711    789879    486115
    725257    792689    482047
    725314    797889    487784
    726038    792869    473100
    726495    792169    487128
    726563    794903    475609
    726617    791036    488944
    726685    793398    474576
    727645    795498    496968
    728236    786467    487998
    728280    792914    481157
    728518    788406    486973
    728598    786869    483390
    729082    792195    486079
    729408    796763    477198
    729855    786284    466778
    730091    791499    475863
    730782    790403    485753
    731127    792190    480675
    731258    787754    490017
    732362    787952    490692
    956369    990945    646068
    965297    977308    632162
    967440    983777    635870
    967525    982682    635290
    968214    978258    643490
    968392    969852    635284
    968709    980677    625610
    969058    979780    644235
    969292    973836    645901
    969372    982509    639149
    970226    984091    641959
    970524    973764    635434
    970543    980336    640370
    970655    974536    632118
    970669    972786    633276
    970759    987082    628066
    971249    961502    626346
    971353    983091    631349
    971374    975923    630386
    971387    983923    631260
    971511    983025    640066
    971522    978505    632066
    971696    973452    635095
    971952    980084    629574
    972228    973524    639425
    972594    977473    642587
    972597    978958    643932
    972630    970291    644443
    972662    978832    640076
    972890    978665    634723
    972972    970217    639401
    973053    977344    631251
    973079    978686    631152
    973355    984571    630325
    973402    982146    635892
    973732    980383    639097
    973769    982180    630734
    973840    978208    646608
    973933    989426    642367
    973946    980532    638818
    974393    975467    633348
    974657    977112    636314
    974736    966432    639256
    974736    976471    633367
    974826    978984    633320
    974856    972717    647922
    974910    976729    632785
    974975    972977    633232
    975020    982829    636043
    975154    980547    631531
    975157    980473    637504
    975164    984336    632733
    975352    977512    635986
    975750    990102    647230
    975767    982123    632529
    975807    975162    651628
    975867    974664    637299
    975912    982608    645964
    975945    982691    628131
    976067    972545    648860
    976068    987631    643657
    976166    978361    628501
    976324    979161    630012
    976370    987113    632499
    976803    987666    624473
    976878    982820    636166
    976951    972759    644063
    977011    983738    637036
    977036    988483    639652
    977095    960499    628362
    977243    981639    632860
    977266    980748    632020
    977290    988206    639153
    977497    978930    644395
    977572    976421    640108
    977692    978761    638533
    977742    979027    639112
    977829    983129    641808
    977843    978319    627557
    977865    977796    631099
    977947    982923    645394
    977981    981988    631128
    978004    977525    638261
    978022    979591    632629
    978031    978774    641176
    978079    983658    639640
    978103    978097    646239
    978159    978890    640765
    978197    980457    637001
    978267    975454    635157
    978270    981584    632281
    978532    981244    634214
    978551    977230    631760
    978620    972841    641512
    978728    978541    640977
    978809    976610    641761
    978840    980607    634372
    978858    980735    645294
    978868    984035    634604
    978930    982549    630811
    979012    970698    626014
    979034    983704    637814
    979064    975920    642553
    979156    981640    625297
    979225    973988    643087
    979333    975763    640918
    979678    975463    641717
    979681    986944    643655
    979702    971928    642686
    979711    971500    617738
    979728    972401    641875
    979789    967074    625199
    979930    985846    633079
    979956    979374    631042
    980011    970874    640140
    980013    978241    633383
    980069    969848    632575
    980123    972141    642738
    980352    974324    635542
    980432    991213    642774
    980506    973157    639628
    980552    965688    638240
    980558    976408    635942
    980624    969168    624483
    980643    965427    640454
    980730    975945    631697
    980767    987409    623305
    980787    983097    631962
    980827    978461    622117
    980835    975800    646292
    981027    973317    628595
    981038    978671    645039
    981046    984954    647538
    981087    982275    644292
    981158    974766    638675
    981160    973479    630162
    981233    969821    621400
    981246    983323    636062
    981287    972103    629648
    981381    974655    647340
    981398    985373    633669
    981579    993249    632351
    981580    964109    644137
    981699    986104    637006
    981700    993435    631805
    982149    981559    634878
    982165    981230    637752
    982308    975771    636197
    982571    975118    634452
    982641    971224    636829
    982711    983999    637552
    982942    982750    630394
    982950    979216    633215
    983037    973258    632324
    983042    978348    631608
    983214    981538    636884
    983569    976674    634624
    983652    985462    627495
    983694    975677    631575
    983728    982724    635557
    983846    970219    635933
    983899    971661    630571
    984087    979028    642195
    984162    974919    641340
    984259    984354    634373
    984385    975450    648354
    984557    984595    638958
    984637    994613    638488
    984661    979973    638737
    984677    973003    629483
    984746    986125    636577
    984845    978526    634089
    985009    978659    644557
    985031    975203    635614
    985228    980758    637633
    985250    984185    639094
    985353    986110    638736
    985499    984344    632940
    985515    983107    629428
    985517    982393    627403
    985605    983874    643927
    985692    981980    637060
    985761    980100    636615
    985789    978224    641115
    985811    976838    645808
    985857    979613    641596
    985978    975852    640986
    986130    973393    640894
    986296    978860    631434
    986415    975985    629092
    986435    978549    638424
    986581    977447    637677
    986618    981523    635868
    986635    989044    631280
    986978    985493    625933
    987186    975579    633361
    987273    975013    632722
    987344    972938    626913
    987506    983761    643199
    987727    975459    637517
    987753    971056    637286
    988139    982667    641867
    988543    979495    638439
    988597    974645    636297
    988738    976425    630581
    988962    976549    623972
    989189    982874    637174
    989275    983551    641102
    989326    970301    648689
    989402    983022    626016
    989442    980141    636528
    989512    983398    632254
    989814    974471    631486
    990481    984393    635004
    990655    983347    639801
    991251    971099    637618
    992544    977859    637328
    992798    988599    638283
    992996    983696    636643
    993173    985359    633678
    993450    977138    640323
    993607    977782    630588
    995623    974069    641624
    995757    986464    647034
   1000000    976042    644851
